name: env-DeskLM-37
channels:
  - conda-forge
  - defaults
dependencies:
  - _tflow_select=2.3.0=mkl
  - absl-py=0.9.0=py36h9f0ad1d_1
  - astor=0.7.1=py_0
  - attrs=19.3.0=py_0
  - blas=1.0=mkl
  - ca-certificates=2020.6.20=hecda079_0
  - certifi=2020.6.20=py36h9f0ad1d_0
  - gast=0.3.3=py_0
  - grpcio=1.23.0=py36hc6b9980_1
  - h5py=2.10.0=nompi_py36h422b98e_102
  - hdf5=1.10.5=nompi_ha405e13_1104
  - icc_rt=2019.0.0=h0cc432a_1
  - importlib-metadata=1.6.1=py36h9f0ad1d_0
  - importlib_metadata=1.6.1=0
  - intel-openmp=2019.4=245
  - jsonschema=3.2.0=py36h9f0ad1d_1
  - keras=2.2.4=py36_1
  - keras-applications=1.0.8=py_1
  - keras-preprocessing=1.1.0=py_0
  - libblas=3.8.0=14_mkl
  - libcblas=3.8.0=14_mkl
  - libgpuarray=0.7.6=hfa6e2cd_1003
  - liblapack=3.8.0=14_mkl
  - libmklml=2019.0.5=0
  - libprotobuf=3.12.3=h7bd577a_0
  - m2w64-gcc-libgfortran=5.3.0=6
  - m2w64-gcc-libs=5.3.0=7
  - m2w64-gcc-libs-core=5.3.0=7
  - m2w64-gmp=6.1.0=2
  - m2w64-libwinpthread-git=5.0.0.4634.697f757=2
  - mako=1.1.0=py_0
  - markdown=3.2.2=py_0
  - markupsafe=1.1.1=py36h68a101e_1
  - mkl=2019.4=245
  - mkl-service=2.3.0=py36hfa6e2cd_0
  - msys2-conda-epoch=20160418=1
  - numpy=1.18.5=py36h4d86e3b_0
  - openssl=1.1.1g=he774522_1
  - pandas=1.0.4=py36hcc50265_0
  - patsy=0.5.1=py_0
  - pip=20.1.1=py_1
  - protobuf=3.12.3=py36h6f26aa1_0
  - pygpu=0.7.6=py36hc8d92b1_1000
  - pyreadline=2.1=py36_1001
  - pyrsistent=0.16.0=py36h68a101e_0
  - python=3.6.10=he025d50_1009_cpython
  - python-dateutil=2.8.1=py_0
  - python_abi=3.6=1_cp36m
  - pytz=2020.1=pyh9f0ad1d_0
  - pyyaml=5.3.1=py36h68a101e_0
  - scipy=1.3.1=py36h29ff71c_0
  - setuptools=47.1.1=py36h9f0ad1d_0
  - six=1.15.0=pyh9f0ad1d_0
  - statsmodels=0.11.1=py36h779f372_2
  - tensorboard=1.12.0=py36_1000
  - tensorflow=1.12.0=mkl_py36h4f00353_0
  - tensorflow-base=1.12.0=mkl_py36h81393da_0
  - termcolor=1.1.0=py_2
  - theano=1.0.4=py36h6538335_1001
  - vc=14.1=h869be7e_1
  - vs2015_runtime=14.16.27012=h30e32a0_2
  - vs2015_win-64=14.0.25420=h55c1224_11
  - werkzeug=1.0.1=pyh9f0ad1d_0
  - wheel=0.34.2=py_1
  - wincertstore=0.2=py36_1003
  - yaml=0.2.5=he774522_0
  - zipp=3.1.0=py_0
  - zlib=1.2.11=h2fa13f4_1006
  - pip:
    - joblib==0.15.1
    - rope==0.17.0
    - scikit-learn==0.23.1
    - sklearn==0.0
    - threadpoolctl==2.1.0
prefix: C:\Programs\Anaconda3.2019\envs\env-DeskLM-37
